2 0.46498984024663675 0.41666669921875 0.02556053811659197 0.016400000000000005
2 0.6260259992632693 0.3171770638282146 0.021084460630981995 0.028956422018348534
2 0.3303034062861221 0.44102962151714337 0.01620160051910297 0.030004152823920265
0 0.6235911061464119 0.3610966286377662 0.01486809662015972 0.015004840271055144
0 0.6127384808762223 0.3797921755883955 0.014433991609352078 0.015367860600193595
0 0.5302138803251121 0.44895722656250003 0.014170403587443942 0.015799999999999984
0 0.5543378205577354 0.4134630859375 0.014170403587443942 0.015399999999999992
0 0.6127164202634529 0.40565986328125 0.014618834080717562 0.014899999999999948
0 0.6776689496917041 0.4136662109375 0.012825112107623368 0.015900000000000036
0 0.7197844612744799 0.41329619204978374 0.012928391626377475 0.015444810543657397
0 0.7555981116872198 0.412091455078125 0.01363228699551584 0.016400000000000005
0 0.7710793862107623 0.44912119140625 0.014349775784753263 0.016400000000000005
0 0.8398627127197509 0.4514716589829947 0.015317414616316399 0.01634275618374559
0 0.809690046859162 0.4696548156378828 0.01439308787222842 0.015312131919905738
0 0.34592688043021297 0.44929267578125 0.013901345291479857 0.015
0 0.35834840509389015 0.42979267578125 0.014708520179372186 0.01660000000000004
0 0.390150247362468 0.41216212681361614 0.014413837283792433 0.01654761904761905
0 0.5983591728801998 0.2806593506484842 0.01579654764656112 0.02006831767719895
0 0.5328862337472574 0.3699663469139468 0.0104028792077834 0.011599210266535067
0 0.5208233206233385 0.37027483654869514 0.01062421706326809 0.010982230997038513
0 0.5019542684432632 0.3583054387204621 0.013390940256827548 0.013450148075024657
0 0.5019825372235048 0.3116617305406317 0.013668973284378438 0.013888889722429312
0 0.5211080764560827 0.32352259654252924 0.010913131896398838 0.01155358968060483
0 0.532903077596635 0.3236455070710463 0.010031262652245444 0.011553589680604902
0 0.33285423381446194 0.46657421875 0.01461883408071749 0.015500000000000043
0 0.3461277764153587 0.48292421875 0.01461883408071749 0.015799999999999984
0 0.3641546822449551 0.46667421875000004 0.014798206278026882 0.015700000000000002
0 0.35460517657545354 0.5594288799881743 0.013539568463277475 0.01610305958132038
0 0.3695438337799364 0.542621311550171 0.012546666775970437 0.013888888888888928
0 0.37569962163677134 0.596044384765625 0.014349775784753334 0.015
0 0.37009424047085204 0.582044384765625 0.013901345291479857 0.015200000000000031
0 0.4433422060854457 0.49001805100775686 0.01459794181850583 0.015386571719226865
0 0.6728831458503194 0.34076576926491486 0.01413235493952996 0.016666666666666642
0 0.738576326979387 0.7053804952837717 0.01511563514564088 0.01723697650663951
0 0.4890279666160069 0.7054189524555903 0.015463119679361696 0.016849529780564153
0 0.40388342295934976 0.6476129787111433 0.015239076158695184 0.01646469968387784
0 0.3534999657369971 0.5956503865088251 0.014175884798786242 0.015279241306638483
0 0.6910003279606545 0.6483701808298535 0.01510321767174318 0.01725082146768898
0 0.5645336633203928 0.6483554148462681 0.014634515571315773 0.016720386784850872
0 0.4424889862672616 0.6482043270138749 0.014815188603060463 0.01702256244963742
0 0.7515098181754485 0.7671855468749998 0.014170403587444013 0.016300000000000096
0 0.7159174061444189 0.7335144293626477 0.013696927161113592 0.016298767967145834
0 0.6757474264870353 0.7334502609848242 0.01346672670462425 0.01591375770020534
0 0.7355801018747303 0.7905905865608378 0.014073084957142611 0.01515957446808514
0 0.636472190015531 0.8802847354970079 0.014550138684503366 0.01582446808510639
0 0.647563689176669 0.8572129269863697 0.01431161182082306 0.014095744680851112
0 0.6473251623129884 0.831880480177859 0.014311611820822918 0.015026595744680833
0 0.647563689176669 0.7983033525182845 0.01431161182082306 0.015425531914893612
0 0.6216238927514272 0.8113352674119017 0.014430875252663213 0.01542553191489347
0 0.6216835244673473 0.8608033525182848 0.01431161182082299 0.01515957446808514
0 0.608784652148765 0.7388672955268253 0.013765427732957605 0.015763274336283075
0 0.5653181438568581 0.7391438441993915 0.014137466320334937 0.01603982300884951
0 0.5072801242260095 0.7683197291551437 0.01537759494492569 0.015486725663716783
0 0.536423146903893 0.7977030256153208 0.014385492045253087 0.015625
0 0.5366091661975816 0.8264640875622234 0.0150055563575485 0.015901548672566435
0 0.7337351454051821 0.8621811312098455 0.017993830810683988 0.016907123534715966
0 0.7017404968007918 0.8590814918951477 0.01688185250215838 0.016118124436429043
0 0.8653799678845737 0.48985840476785325 0.01501874030694168 0.016529818496110665
0 0.8636358561069934 0.509575345130861 0.015600110899468547 0.01555747623163363
0 0.8541223205684545 0.5676152176099785 0.01472314737346892 0.018240343347639437
0 0.8491869165961379 0.5919328382253037 0.016534201657676276 0.01577152600170507
0 0.8305643048137121 0.6484655658772528 0.014771309839570108 0.018559489806078064
0 0.824391220104638 0.666041771455194 0.018739721438260658 0.016347100292770592
0 0.7879038801277892 0.7358549516528916 0.017857852194107265 0.016347100292770735
0 0.796006053808449 0.7205525908525159 0.015322478117166156 0.020157326676799984
0 0.8031046039316037 0.38276421779008307 0.014800211387057232 0.02281191482692307
0 0.6567617792063959 0.4491046704759959 0.013247802884637706 0.015174886962021787
