0 0.478125 0.391984 0.478125 0.418117 0.484375 0.418117 0.485938 0.419859 0.485938 0.425086 0.582812 0.425086 0.582812 0.391984
0 0.665625 0.371078 0.665625 0.425086 0.707812 0.425086 0.707812 0.371078
0 0.590625 0.789203 0.590625 0.836242 0.632812 0.836242 0.632812 0.789203
0 0.621875 0.231703 0.621875 0.334492 0.695312 0.334492 0.695312 0.231703
0 0.703125 0.371078 0.703125 0.425086 0.74375 0.425086 0.74375 0.419859 0.745312 0.418117 0.745312 0.416375 0.746875 0.414633 0.751562 0.414633 0.751562 0.371078
0 0.615625 0.336234 0.615625 0.367594 0.640625 0.367594 0.642187 0.365852 0.659375 0.365852 0.660937 0.367594 0.685937 0.367594 0.6875 0.365852 0.695312 0.365852 0.695312 0.336234
0 0.571875 0.461672 0.571875 0.496516 0.576562 0.496516 0.578125 0.498258 0.582812 0.498258 0.585937 0.501742 0.585937 0.503484 0.589062 0.506969 0.632812 0.506969 0.634375 0.505227 0.635937 0.505227 0.635937 0.486062 0.6375 0.48432 0.6375 0.461672
0 0.621875 0.371078 0.621875 0.397211 0.664062 0.397211 0.664062 0.371078
0 0.590625 0.733453 0.590625 0.783976 0.625 0.783976 0.626562 0.782234 0.632812 0.782234 0.632812 0.733453
0 0.653125 0.817078 0.653125 0.85018 0.695312 0.85018 0.695312 0.817078
0 0.546875 0.733453 0.546875 0.787461 0.595312 0.787461 0.595312 0.733453
0 0.703125 0.461672 0.703125 0.498258 0.709375 0.498258 0.710937 0.5 0.710937 0.501742 0.7125 0.503484 0.7125 0.506969 0.764062 0.506969 0.764062 0.461672
0 0.690625 0.817078 0.690625 0.871086 0.696875 0.871086 0.696875 0.865859 0.698437 0.864117 0.7 0.864117 0.701562 0.862375 0.707812 0.862375 0.709375 0.860633 0.714062 0.860633 0.715625 0.858891 0.717187 0.858891 0.71875 0.857148 0.720312 0.857148 0.721875 0.855406 0.723437 0.855406 0.725 0.853664 0.728125 0.853664 0.729687 0.851922 0.734375 0.851922 0.735937 0.85018 0.735937 0.848437 0.7375 0.846695 0.7375 0.817078
0 0.453125 0.461672 0.453125 0.493031 0.457812 0.493031 0.460938 0.496516 0.460938 0.498258 0.4625 0.5 0.4625 0.508711 0.514063 0.508711 0.514063 0.461672
0 0.428125 0.524391 0.428125 0.653312 0.434375 0.653312 0.435937 0.655055 0.435937 0.662023 0.503125 0.662023 0.503125 0.656797 0.50625 0.653312 0.514063 0.653312 0.515625 0.65157 0.534375 0.65157 0.535937 0.649828 0.535937 0.608016 0.534375 0.606273 0.534375 0.604531 0.532812 0.602789 0.532812 0.601047 0.53125 0.599305 0.53125 0.552266 0.5375 0.545297 0.5375 0.524391
0 0.746875 0.371078 0.746875 0.425086 0.789062 0.425086 0.789062 0.419859 0.790625 0.418117 0.792187 0.418117 0.79375 0.416375 0.801562 0.416375 0.801562 0.391984 0.796875 0.391984 0.795312 0.390242 0.795312 0.3885 0.79375 0.386758 0.79375 0.371078
0 0.853125 0.503484 0.853125 0.541812 0.857812 0.541812 0.859375 0.54007 0.870312 0.54007 0.871875 0.541812 0.88125 0.541812 0.882812 0.543555 0.884375 0.543555 0.885937 0.545297 0.885937 0.550523 0.896875 0.550523 0.896875 0.541812 0.898437 0.54007 0.898437 0.533102 0.9 0.531359 0.9 0.512195 0.901562 0.510453 0.901562 0.503484
0 0.590625 0.837984 0.590625 0.871086 0.632812 0.871086 0.632812 0.837984
0 0.665625 0.726484 0.665625 0.777008 0.684375 0.777008 0.685937 0.77875 0.690625 0.77875 0.692187 0.777008 0.696875 0.777008 0.698437 0.775266 0.7 0.775266 0.701562 0.773523 0.701562 0.750875 0.703125 0.749133 0.707812 0.749133 0.707812 0.747391 0.703125 0.747391 0.701562 0.745648 0.701562 0.726484
0 0.784375 0.726484 0.784375 0.733453 0.782812 0.735195 0.782812 0.736937 0.776562 0.743906 0.771875 0.743906 0.771875 0.76307 0.778125 0.76307 0.790625 0.777008 0.792187 0.777008 0.796875 0.782234 0.796875 0.787461 0.804687 0.787461 0.804687 0.780492 0.810937 0.773523 0.810937 0.771781 0.814062 0.768297 0.814062 0.766555 0.81875 0.761328 0.81875 0.757844 0.821875 0.754359 0.826562 0.754359 0.826562 0.752617 0.821875 0.752617 0.820312 0.750875 0.81875 0.750875 0.817187 0.749133 0.814062 0.749133 0.8125 0.747391 0.8125 0.745648 0.809375 0.742164 0.80625 0.742164 0.804687 0.740422 0.804687 0.73868 0.80625 0.736937 0.826562 0.736937 0.826562 0.726484 0.798437 0.726484 0.798437 0.731711 0.796875 0.733453 0.795312 0.731711 0.795312 0.726484
0 0.853125 0.538328 0.853125 0.543555 0.851562 0.545297 0.846875 0.545297 0.846875 0.576656 0.853125 0.576656 0.85625 0.580141 0.85625 0.581883 0.854687 0.583625 0.846875 0.583625 0.846875 0.592336 0.854687 0.592336 0.854687 0.585367 0.85625 0.583625 0.882812 0.583625 0.885937 0.580141 0.8875 0.580141 0.889062 0.578398 0.889062 0.574914 0.890625 0.573172 0.890625 0.569687 0.892187 0.567945 0.892187 0.562719 0.89375 0.560977 0.89375 0.559234 0.895312 0.557492 0.895312 0.55575 0.896875 0.554008 0.901562 0.554008 0.901562 0.547039 0.895312 0.547039 0.892187 0.543555 0.892187 0.538328 0.885937 0.538328 0.885937 0.543555 0.884375 0.545297 0.882812 0.543555 0.882812 0.538328
0 0.621875 0.398953 0.621875 0.425086 0.664062 0.425086 0.664062 0.398953
0 0.804687 0.691641 0.804687 0.696867 0.803125 0.698609 0.803125 0.700351 0.801562 0.702094 0.801562 0.703836 0.795312 0.710805 0.790625 0.710805 0.790625 0.731711 0.796875 0.731711 0.798437 0.733453 0.795312 0.736937 0.790625 0.736937 0.790625 0.759586 0.820312 0.759586 0.820312 0.747391 0.825 0.742164 0.826562 0.742164 0.829687 0.73868 0.829687 0.736937 0.834375 0.731711 0.834375 0.729969 0.835937 0.728226 0.835937 0.726484 0.8375 0.724742 0.8375 0.716031 0.835937 0.714289 0.835937 0.710805 0.834375 0.709062 0.834375 0.70732 0.832812 0.70732 0.83125 0.705578 0.829687 0.705578 0.828125 0.703836 0.829687 0.702094 0.8375 0.702094 0.839062 0.703836 0.845312 0.703836 0.845312 0.691641
0 0.690625 0.782234 0.690625 0.815336 0.7375 0.815336 0.7375 0.810109 0.740625 0.806625 0.745312 0.806625 0.745312 0.782234
0 0.859375 0.461672 0.859375 0.5 0.88125 0.5 0.882812 0.498258 0.890625 0.498258 0.892187 0.5 0.896875 0.5 0.898437 0.498258 0.9 0.498258 0.901562 0.496516 0.907812 0.496516 0.907812 0.461672
0 0.659375 0.782234 0.659375 0.815336 0.695312 0.815336 0.695312 0.782234
0 0.640625 0.461672 0.640625 0.508711 0.6625 0.508711 0.6625 0.503484 0.664062 0.501742 0.664062 0.461672
0 0.540625 0.294422 0.540625 0.336234 0.5375 0.339719 0.535937 0.339719 0.534375 0.341461 0.521875 0.341461 0.520312 0.339719 0.517187 0.339719 0.515625 0.341461 0.514063 0.339719 0.484375 0.339719 0.484375 0.376305 0.489062 0.376305 0.490625 0.378047 0.489062 0.379789 0.484375 0.379789 0.484375 0.383273 0.49375 0.383273 0.495313 0.385016 0.53125 0.385016 0.532812 0.383273 0.535937 0.383273 0.535937 0.379789 0.5375 0.378047 0.5375 0.355398 0.539062 0.353656 0.545312 0.353656 0.546875 0.355398 0.553125 0.355398 0.554687 0.357141 0.553125 0.358883 0.546875 0.358883 0.54375 0.362367 0.54375 0.364109 0.545312 0.365852 0.545312 0.369336 0.546875 0.371078 0.545312 0.37282 0.545312 0.379789 0.546875 0.379789 0.548437 0.381531 0.55 0.381531 0.551562 0.383273 0.567187 0.383273 0.56875 0.385016 0.578125 0.385016 0.58125 0.3885 0.58125 0.412891 0.582812 0.414633 0.582812 0.416375 0.603125 0.416375 0.60625 0.419859 0.60625 0.425086 0.620312 0.425086 0.620312 0.294422
0 0.503125 0.761328 0.503125 0.782234 0.509375 0.782234 0.510938 0.783976 0.545312 0.783976 0.545312 0.761328
0 0.340625 0.608016 0.340625 0.655055 0.364062 0.655055 0.364062 0.608016
0 0.521875 0.726484 0.521875 0.759586 0.545312 0.759586 0.545312 0.726484
0 0.546875 0.817078 0.546875 0.844953 0.551562 0.844953 0.553125 0.846695 0.559375 0.846695 0.560937 0.848437 0.589062 0.848437 0.589062 0.817078
0 0.553125 0.503484 0.553125 0.655055 0.58125 0.655055 0.582812 0.653312 0.621875 0.653312 0.623437 0.655055 0.626562 0.655055 0.628125 0.653312 0.632812 0.653312 0.634375 0.65157 0.664062 0.65157 0.664062 0.606273 0.659375 0.606273 0.65625 0.602789 0.65625 0.552266 0.659375 0.548781 0.664062 0.548781 0.664062 0.526133 0.65625 0.526133 0.654687 0.524391 0.576562 0.524391 0.573437 0.520906 0.573437 0.517422 0.571875 0.51568 0.571875 0.503484
0 0.365625 0.608016 0.365625 0.641117 0.378125 0.641117 0.379687 0.639375 0.38125 0.639375 0.38125 0.637633 0.382812 0.635891 0.382812 0.608016
0 0.820312 0.656797 0.820312 0.665508 0.814062 0.672477 0.809375 0.672477 0.809375 0.696867 0.81875 0.696867 0.821875 0.700351 0.821875 0.702094 0.828125 0.702094 0.829687 0.703836 0.83125 0.703836 0.832812 0.705578 0.832812 0.710805 0.842187 0.710805 0.842187 0.705578 0.85 0.696867 0.85 0.695125 0.853125 0.691641 0.853125 0.688156 0.85625 0.684672 0.85625 0.68293 0.857812 0.681187 0.864062 0.681187 0.864062 0.656797 0.84375 0.656797 0.84375 0.668992 0.842187 0.670734 0.839062 0.670734 0.8375 0.668992 0.8375 0.66725 0.835937 0.665508 0.835937 0.663766 0.834375 0.662023 0.834375 0.656797
0 0.314062 0.454703 0.314062 0.465156 0.3125 0.466898 0.3125 0.472125 0.310937 0.473867 0.310937 0.475609 0.309375 0.477352 0.309375 0.479094 0.307812 0.480836 0.307812 0.482578 0.30625 0.48432 0.30625 0.493031 0.304687 0.494773 0.304687 0.501742 0.301562 0.505227 0.296875 0.505227 0.296875 0.578398 0.332812 0.578398 0.332812 0.534844 0.328125 0.534844 0.325 0.531359 0.325 0.529617 0.323437 0.527875 0.323437 0.463414 0.325 0.461672 0.325 0.454703
0 0.484375 0.294422 0.484375 0.341461 0.539062 0.341461 0.539062 0.325781 0.5375 0.324039 0.5375 0.294422
0 0.509375 0.461672 0.509375 0.51568 0.539062 0.51568 0.539062 0.461672
0 0.332812 0.573172 0.332812 0.578398 0.329687 0.581883 0.296875 0.581883 0.296875 0.646344 0.301562 0.646344 0.303125 0.648086 0.307812 0.648086 0.309375 0.649828 0.309375 0.655055 0.323437 0.655055 0.323437 0.649828 0.325 0.648086 0.332812 0.648086 0.334375 0.646344 0.334375 0.642859 0.335937 0.641117 0.334375 0.639375 0.334375 0.606273 0.3375 0.602789 0.351562 0.602789 0.353125 0.601047 0.360937 0.601047 0.3625 0.599305 0.3625 0.588852 0.360937 0.587109 0.360937 0.573172
0 0.354687 0.378047 0.354687 0.385016 0.351562 0.3885 0.351562 0.390242 0.35 0.391984 0.35 0.393727 0.342187 0.402437 0.342187 0.40418 0.340625 0.405922 0.334375 0.405922 0.334375 0.418117 0.342187 0.418117 0.34375 0.419859 0.34375 0.425086 0.3625 0.425086 0.3625 0.418117 0.364062 0.416375 0.370312 0.416375 0.370312 0.378047
0 0.44375 0.308359 0.44375 0.313586 0.440625 0.31707 0.4375 0.31707 0.435937 0.318812 0.434375 0.318812 0.432812 0.320555 0.43125 0.320555 0.429687 0.322297 0.428125 0.322297 0.426562 0.324039 0.425 0.324039 0.421875 0.327523 0.415625 0.327523 0.415625 0.367594 0.420312 0.367594 0.421875 0.369336 0.426562 0.369336 0.428125 0.371078 0.428125 0.37282 0.429687 0.374562 0.429687 0.3885 0.428125 0.390242 0.428125 0.393727 0.420312 0.402437 0.415625 0.402437 0.415625 0.411148 0.475 0.411148 0.475 0.390242 0.478125 0.386758 0.489062 0.386758 0.489062 0.308359
0 0.490625 0.726484 0.490625 0.749133 0.495313 0.749133 0.498437 0.752617 0.498437 0.759586 0.520312 0.759586 0.520312 0.726484
0 0.703125 0.726484 0.703125 0.777008 0.745312 0.777008 0.745312 0.726484
0 0.328125 0.489547 0.328125 0.578398 0.364062 0.578398 0.364062 0.489547
0 0.328125 0.461672 0.328125 0.494773 0.357812 0.494773 0.357812 0.461672
0 0.828125 0.621953 0.828125 0.675961 0.834375 0.675961 0.834375 0.665508 0.832812 0.663766 0.834375 0.662023 0.835937 0.662023 0.8375 0.660281 0.839062 0.660281 0.840625 0.662023 0.842187 0.662023 0.84375 0.663766 0.84375 0.665508 0.845312 0.66725 0.853125 0.66725 0.85625 0.670734 0.85625 0.675961 0.860937 0.675961 0.860937 0.668992 0.865625 0.663766 0.865625 0.662023 0.867187 0.660281 0.867187 0.658539 0.86875 0.656797 0.86875 0.655055 0.870312 0.653312 0.870312 0.65157 0.871875 0.649828 0.871875 0.648086 0.873437 0.646344 0.873437 0.644602 0.875 0.642859 0.875 0.634148 0.878125 0.630664 0.882812 0.630664 0.882812 0.621953 0.867187 0.621953 0.867187 0.62718 0.865625 0.628922 0.8625 0.628922 0.860937 0.62718 0.860937 0.621953
0 0.546875 0.789203 0.546875 0.813594 0.589062 0.813594 0.589062 0.789203
0 0.840625 0.580141 0.840625 0.618469 0.845312 0.618469 0.851562 0.625437 0.859375 0.625437 0.860937 0.62718 0.865625 0.62718 0.867187 0.628922 0.867187 0.634148 0.878125 0.634148 0.878125 0.620211 0.879687 0.618469 0.879687 0.616727 0.88125 0.614984 0.88125 0.613242 0.882812 0.6115 0.882812 0.609758 0.884375 0.608016 0.884375 0.606273 0.885937 0.604531 0.885937 0.602789 0.8875 0.601047 0.8875 0.599305 0.885937 0.597562 0.885937 0.594078 0.882812 0.590594 0.879687 0.590594 0.878125 0.588852 0.854687 0.588852 0.851562 0.585367 0.851562 0.580141
0 0.653125 0.851922 0.653125 0.869344 0.673437 0.869344 0.675 0.867602 0.685937 0.867602 0.6875 0.865859 0.695312 0.865859 0.695312 0.851922
0 0.365625 0.573172 0.365625 0.606273 0.382812 0.606273 0.382812 0.573172
0 0.628125 0.726484 0.628125 0.869344 0.653125 0.869344 0.653125 0.867602 0.654687 0.865859 0.654687 0.853664 0.653125 0.851922 0.653125 0.822305 0.654687 0.820562 0.654687 0.780492 0.657812 0.777008 0.664062 0.777008 0.664062 0.726484
0 0.415625 0.461672 0.415625 0.501742 0.45 0.501742 0.45 0.494773 0.451562 0.493031 0.451562 0.480836 0.45 0.479094 0.45 0.461672
0 0.403125 0.391984 0.403125 0.425086 0.414062 0.425086 0.414062 0.391984
0 0.517187 0.789203 0.517187 0.797914 0.515625 0.799656 0.515625 0.801398 0.514063 0.803141 0.509375 0.803141 0.509375 0.820562 0.514063 0.820562 0.517187 0.824047 0.515625 0.825789 0.509375 0.825789 0.509375 0.85018 0.526563 0.85018 0.526563 0.844953 0.525 0.843211 0.523438 0.843211 0.521875 0.841469 0.520312 0.841469 0.51875 0.839727 0.51875 0.837984 0.517187 0.836242 0.517187 0.832758 0.515625 0.831016 0.515625 0.829273 0.51875 0.825789 0.521875 0.825789 0.523438 0.827531 0.525 0.827531 0.529688 0.832758 0.529688 0.8345 0.532812 0.837984 0.532812 0.839727 0.5375 0.844953 0.5375 0.85018 0.545312 0.85018 0.545312 0.789203
0 0.678125 0.503484 0.678125 0.68293 0.74375 0.68293 0.74375 0.677703 0.746875 0.674219 0.75 0.674219 0.751562 0.672477 0.753125 0.672477 0.75625 0.668992 0.75625 0.660281 0.754687 0.658539 0.754687 0.655055 0.75625 0.653312 0.757812 0.653312 0.759375 0.65157 0.7625 0.65157 0.764062 0.653312 0.765625 0.65157 0.771875 0.65157 0.773437 0.649828 0.775 0.649828 0.778125 0.646344 0.778125 0.644602 0.779687 0.642859 0.779687 0.639375 0.78125 0.637633 0.78125 0.635891 0.784375 0.632406 0.789062 0.632406 0.789062 0.608016 0.784375 0.608016 0.78125 0.604531 0.78125 0.602789 0.779687 0.601047 0.779687 0.569687 0.78125 0.567945 0.78125 0.554008 0.784375 0.550523 0.789062 0.550523 0.789062 0.526133 0.779687 0.526133 0.778125 0.524391 0.76875 0.524391 0.767187 0.526133 0.764062 0.526133 0.7625 0.524391 0.734375 0.524391 0.732812 0.526133 0.728125 0.526133 0.726562 0.524391 0.707812 0.524391 0.70625 0.526133 0.701562 0.526133 0.7 0.524391 0.7 0.522648 0.698437 0.520906 0.698437 0.503484
0 0.39375 0.336234 0.39375 0.343203 0.385937 0.351914 0.384375 0.351914 0.382812 0.353656 0.382812 0.355398 0.373437 0.365852 0.371875 0.365852 0.370312 0.367594 0.365625 0.367594 0.365625 0.425086 0.396875 0.425086 0.396875 0.418117 0.398437 0.416375 0.398437 0.397211 0.4 0.395469 0.4 0.391984 0.401562 0.390242 0.4 0.3885 0.4 0.381531 0.398437 0.379789 0.398437 0.37282 0.4 0.371078 0.4 0.369336 0.401562 0.367594 0.414062 0.367594 0.414062 0.336234
0 0.359375 0.461672 0.359375 0.529617 0.373437 0.529617 0.373437 0.524391 0.375 0.522648 0.376562 0.522648 0.379687 0.519164 0.379687 0.517422 0.38125 0.51568 0.38125 0.498258 0.382812 0.496516 0.382812 0.461672
0 0.553125 0.656797 0.553125 0.68293 0.6625 0.68293 0.6625 0.66725 0.660937 0.665508 0.660937 0.656797
0 0.403125 0.371078 0.403125 0.397211 0.414062 0.397211 0.414062 0.371078
